110452428
110471934
110479367
110575915
110587790
110629775
110632033
110637832
110649372
110697958
110701225
110706521
110708698
110718938
110724429
110752483
110772897
110818772
110877343
110920084
111050684
111163203
111219691
111287308
111289524
111306323
111309798
111311889
111321843
111333625
111376828
111376974
111433678
111495337
111545574
111547011
111559448
111586231
111630146
111643434
111699685
111707580
111761441
111764558
111768165
111823066
111829449
111849325
111851705
111873351
111909025
111984735
112000024
112017650
112627330
112642445
112786477
112952777
112969661
112974300
112985809
113186811
113203253
113207975
113220870
113288427
113301485
113304941
113306979
113320945
113347453
113353611
113372938
113378951
113380842
113410343
113421617
113424629
113459692
113477728
113481450
113484594
113493307
113497728
113517344
113522423
113535453
113546113
113677527
113682798
113684528
113691772
113695242
113698885
113708388
113711961