113714330
113711961
113713143
113710782
113709599
113708407
113708388
113707162
113706011
113704784
113703572
113703553
113703583
113702430
113703902
113701260
113700105
113700065
113698885
113697694
113696504
113695242
113694126
113692960
113691772
113690613
113689415
113688201
113688222
113687043
113685678
113684816
113684528
113682798
113683663
113682263
113681094
113680362
113679855
113678752
113679276
113677527
113676328
113675121
113673971
113672855
113671616
113670422
113669259
113668063
113666968
113665635
113666588
113665162
113664376
113664792
113663214
113662029
113662852
113660871
113659692
113658539
113657447
113656218
113655049
113653946
113652699
113651575
113650453
113649327
113648172
113646993
