113848568
113846126
113839850
113834628
113827290
113821203
113813851
113812546
113808799
113801082
113800266
113798942
113797756
113796780
113795415
113794232
113793034
113793269
113792134
113791852
113790571
113790671
113789633
113788005
113788272
113787114
113788130
113785936
113784760
113783592
113782168
113781228
113780086
113778873
113777669
113776356
113775308
113774126
113772955
113771758
113770581
113769412
113768207
113767021
113765756
113764644
113765256
113763445
113762250
113761054
113761354
113759796
113758641
113759284
113757418
113756683
113756269
113755177
113753895
113752707
113751613
113750323
113750192
113750461
113749142
113748258
113746760
113745517
113744253
113743040
113743748
113741877
113740708
113739541
113738374
113736066
113737210
113736065
113734893
113733712
113732586
113731411
113730244
113729115
113727922
