112785833
112777759
112776804
112769598
112761493
112753596
112752289
112745006
112785833
112784732
112776809
112776804
112769608
112769596
112769562
112761404
112784736
112776811
112776805
112769609
112761497
112753598
112746395
112738202
112789466
112781455
112776501
112768485
112767364
112759366
112752308
112752289
112789466
112784739
112783716
112776805
112769603
112761493
112761403
112753417
112789467
112781455
112774296
112774221
112766180
112758175
112750983
112742747
112785834
112777759
112769830
112762566
112754466
112746420
112738250
112730189
112784735
112784743
112776800
112776781
112769575
112761433
112757903
112749902
112784737
112784729
112776803
112769598
112769563
112766180
112762566
112761497
107488750
107488190
107483604
107477959
107475584
107472850
107467127
107466740