110452428
110469746
110471934
110479367
110490734
110575915
110587790
110597027
110629775
110632033
110637832
110649372
110697958
110701225
110706521
110708698
110710981
110718938
110724429
110749361
110752483
110772897
110818772
110847664
110877343
110909149
110920084
111050684
111163203
111219691
111250210
111283954
111287308
111289524
111306323
111309798
111310693
111311889
111321843
111333625
111376828
111376974
111382960
111403208
111433678
111495337
111545574
111547011
111559448
111572770
111586231
111625787
111630146
111643434
111699685
111707580
111737565
111761441
111764558
111767108
111768165
111784806
111823066
111829449
111847428
111849325
111851705
111873351
111909025
111984735
112000024
112017650
112030755
112080358
112627330
112642445
112657713
112786477
112952777
112955586
112969661
112974300
112985809
113171405
113173496
113186811
113197288
113200793
113203253
113205467
113206800
113207975
113211493
113212677
113213838
113220870
113270045
113288427
113296040
113301485
113304941
113306979
113320925
113320945
113347453
113353611
113355297
113372938
113378951
113380842
113385368
113393255
113397053
113402119
113410343
113421617
113424629
113425008
113430092
113434415
113459692
113466666
113474801
113477728
113481450
113484594
113493307
113497728
113508672
113517344
113522423
113527975
113535453
113541728
113546113
113568939
113673971
113676328
113677527
113679276
113679855
113680362
113682263
113682798
113683663
113684528
113684816
113685678
113690613
113691772
113692960
113694126
113695242
113698885
113700105
113701260
113704784
113707162
113708388
113709599
113710782
113711961
113714330