113577119
113577043
113575640
113568939
113563006
113559487
113559606
113553382
113547356
113546113
113544061
113541728
113535453
113531914
113530686
113527975
113522423
113521400
113517324
113517344
113512204
113512066
113510873
113509594
113508672
113507470
113506293
113505097
113503929
113502750
113501846
113501576
113500395
113499205
113497728
113498068
113496886
113495737
113496187
113494595
113493307
113492124
113491917
113490941
113489744
113488594
113487382
113486262
113485042
113483896
113484594
113482671
113481450
113480905
113480192
113479023
113477728
113478651
113477818
113476582
113474966
113474801
113473597
113474259
113472436
113471285
113470138
113468982
113467820
113466666
113465949
113465496
113465959
113464470
113464340
113463180
113462020
113460868
113459692
113458370
113458673
113457206
113456056
113454889
113453734
113452582
113451431
113450264
113449125
113447976
113446832
113445690
113444544
113443427
113442273
113441159
113440020
113438868