114021735
114012983
114013817
114006442
114004473
113996748
113989528
113985297
113979624
113972757
113967824
113963380
113962339
113960418
113956958
113953784
113948902
113945492
113942536
113938514
113931545
113928028
113927124
113921186
113918797
113914553
113912282
113912055
113905843
113905182
113904504
113903204
113897622
113898853
113896567
113892663
113891276
113889438
113888274
113882616
113882778
113881541
113880252
113878880
113879036
113878119
113877777
113876542
113875212
113875292
113874040
113872595
113873434
113871529
113870293
113869040
113867697
113866655
113866537
113865292
113864040
113862801
113861489
113860292
113859050
113857804
113856551
113855324
113854074
113853548
113852822
113853558
113851589
113850316
113849075
113847818
113846519
113845321
113844078
113842846
113841587
113840343
113839075
113837782
113836611
113835352
113834110
113833040
113832819
113833423
113831914
113831561
113830323
113829078
113827827
113826561
113825329
113824058
113822762
113821503
113821172
113820228
113818991
113817991
113817754
113817539
113816540
113815300
113814044
113812841
113811618
113811624
113812297
113810399
113809227
113806723
113807982
113807935
