113577119
113577043
113563006
113559606
113544061
113522423
113517324
113512066
113510873
113509594
113508672
113507470
113506293
113505097
113501846
113501576
113500395
113499205
113498068
113496886
113496187
113492124
113490941
113489744
113488594
113487382
113485042
113483896
113484594
113482671
113480905
113480192
113479023
113478651
113477818
113476582
113474966
113473597
113474259
113472436
113471285
113470138
113468982
113467820
113466666
113465496
113465959
113464340
113463180
113462020
113460868
113458370
113457206
113456056
113453734
113452582
113451431
113450264
113449125
113447976
113446832
113445690
113444544
113443427
113442273
113441159
113440020
113438868