113385368
113380842
113378951
113372938
113364876
113355297
113353611
113348596
113347453
113338163
113329645
113320945
113320925
113314747
113306979
113304941
113301485
113296040
113288427
113286528
113278353
113270045
113268876
113260845
113253315
113251525
113243949
113243271
113241144
113239799
113231927
113224618
113223204
113222026
113220870
113219666
113219351
113220072
113218507
113217343
113216174
113215021
113213838
113212677
113211493
113210328
113209151
113207975
113206800
113205467
113205627
113204437
113203253
113202056
113200793
113199629
113198480
113197288
113197703
113196133
113194961
113193799
113192638
113191469
113190292
113189145
113187982
113187010
113186811
113185723
113185648
113184460
113184964
113183305
113182143
113180959
113179751
113178483
113177309
113176697
113176113
113176700
113176383
113174954
113173781
113172827
113173496
113172593
113171405
113170242
113169060
113167846
113166684
113165499
113164348
113162036
113163009
113161564
113160882
113159723
113158576
113157421
113156256
113155097
113153919
113152662
113151533
113150427
113149264
113148159
113147007