107466740 1
107467127 0
107472850 0
107475584 1
107477959 0
107483604 0
107488190 0
107488750 0
110479367 0
110649372 1
111306323 1
111433678 1
111547011 0
111823066 1
112633162 0
112730189 0
112730189 1
112738202 0
112738202 1
112738250 1
112742747 0
112742747 1
112745006 0
112745006 1
112746395 0
112746395 1
112746420 0
112746420 1
112749902 0
112749902 1
112750983 0
112750983 1
112752289 0
112752289 1
112752308 0
112752308 1
112753417 0
112753417 1
112753596 0
112753596 1
112753598 0
112753598 1
112754466 0
112757903 0
112757903 1
112758175 0
112758175 1
112759366 0
112759366 1
112761403 0
112761403 1
112761404 0
112761404 1
112761433 0
112761433 1
112761493 0
112761493 1
112761497 0
112761497 1
112762566 0
112762566 1
112766180 0
112766180 1
112767364 0
112768485 0
112768485 1
112769562 0
112769562 1
112769563 0
112769563 1
112769575 0
112769575 1
112769596 0
112769596 1
112769598 0
112769598 1
112769603 0
112769603 1
112769608 1
112769609 1
112769830 0
112769830 1
112774221 0
112774221 1
112774296 1
112776501 0
112776501 1
112776781 0
112776781 1
112776800 0
112776800 1
112776803 0
112776803 1
112776804 0
112776804 1
112776805 0
112776805 1
112776809 0
112776809 1
112776811 0
112776811 1
112777759 0
112777759 1
112781455 0
112781455 1
112783716 0
112783716 1
112784729 0
112784729 1
112784732 0
112784732 1
112784735 1
112784736 0
112784736 1
112784737 0
112784737 1
112784739 0
112784739 1
112784743 0
112785833 0
112785833 1
112785834 0
112785834 1
112789466 0
112789466 1
112789467 0
112789467 1
113477728 0
113497728 0
